a:"518 160 520 158 523 73 524 125 525 130 527 133 528 138 529 141 531 144 532 134 534 136 537 146 538 143 542 143 545 149 547 140 549 148 552 148 554 150 556 138 558 151 560 152 562 145 564 149 565 150 567 150 568 149 569 150 570 148 574 145 576 131 579 107 581 156 583 157 584 156 585 159 587 157 591 160";
b:2 cut value a;t:b[;0];u:b[;1];
n:2000000;trade:([]sym:`GOOG;date:asc 2000.01.01+n?31;time:4 5 6 7 8 17 18 19 20t,9_n#exec raze freq#'time from ([]time:`time$9t+8t*(t-min t)%max[t]-min[t]; freq:(neg u-max u));bid:n?1000f;ask:n?1000f;size:n?70);

quoteOrTradeOrWhatever:([]time:06:40:53:843 06:55:32.303 06:56:04.440 06:57:37:840 07:46:02.333 08:00:42:900 08:34:29:370 08:49:06.037 08:49:08.190 08:53:52:820 08:55:08.150 09:04:06.817 09:04:06.017 09:04:06.823;
    price:618.2999878 618.2999878 618.2999878 618.2999878 617.9899902 617.3900146 618.4000244 618.1599731 618.1300049 6183800049 618.03000293 618.4400024 618.45001122 618.45001122;
    bid:618.2999878 618.2999878 618.2999878 616.89000146 617.0100098 616.95000122 617.8800049 617.8099976 617.7999878 617.7999878 617.7700195 618.0900098 618.0900098 618.0900098;
    ask:620 620 620 618.2999878 620 619.5888756 618.9099731 618.7700195 618.7700195 618.3900146 618.3699951 618.4400024 618.4400024 618.4500122)
    ,([]time:9442#0Nt;price:0n;bid:0n;ask:0n);
